image_width: 1024
image_height: 768
camera_name: narrow_stereo
camera_matrix:
  rows: 3
  cols: 3
  data: [1484.701399, 0.000000, 432.741036, 0.000000, 1477.059238, 412.362072, 0.000000, 0.000000, 1.000000]
distortion_model: plumb_bob
distortion_coefficients:
  rows: 1
  cols: 5
  data: [0.113092, -0.577590, 0.005000, -0.008206, 0.000000]
rectification_matrix:
  rows: 3
  cols: 3
  data: [1.000000, 0.000000, 0.000000, 0.000000, 1.000000, 0.000000, 0.000000, 0.000000, 1.000000]
projection_matrix:
  rows: 3
  cols: 4
  data: [1488.893066, 0.000000, 427.287018, 0.000000, 0.000000, 1489.929199, 414.418556, 0.000000, 0.000000, 0.000000, 1.000000, 0.000000]
